2259 2285
2548 2574
2894 2920
4432 4457
6901 6927
7528 7554
8113 8141
10228 10253
11027 11136
12860 12886
13494 13549
14621 14634
15392 15418
27002 27030
27415 27442
27789 27816
28228 28255
30559 30586
31274 31302
32016 32042
32771 32797
33448 33474
35919 35945
36886 36912
37655 37682
39755 39783
46123 46150
46899 46926
53150 53178
53713 53741
55623 55652
56223 56251
58173 58200
60136 60163
67137 67164
67539 67573
72503 72531
74262 74288
75118 75144
80743 80771
81899 81929
82775 82806
83612 83731
86497 86523